U_2
0.18508 0.93154 0.94773 0.48475 0.32054
0.15443 0.69886 0.11995 0.48518 0.63274
0.81823 0.68303 0.49856 0.58680 0.71975
0.25850 0.54621 0.40731 0.17698 0.96963
0.29702 0.28787 0.11619 0.18173 0.49429
0.56577 0.22184 0.76749 0.57731 0.16782
0.36747 0.46867 0.65427 0.79309 0.66306
0.61303 0.99085 0.11948 0.14856 0.85228
0.50953 0.21727 0.99327 0.31530 0.25873
0.80918 0.35368 0.46784 0.27417 0.79820
0.81414 0.94809 0.82288 0.51514 0.22100
0.74663 0.43154 0.88830 0.94119 0.50301
0.70204 0.70654 0.48102 0.96031 0.42602
0.32287 0.76193 0.93263 0.71122 0.51743
0.88447 0.55363 0.57364 0.39393 0.92655
0.00554 0.72850 0.35575 0.21293 0.36203
0.87830 0.36333 0.50321 0.76749 0.91448
0.82637 0.41175 0.63084 0.34191 0.38169
0.96246 0.64701 0.95785 0.80345 0.22939
0.87920 0.59250 0.78617 0.53214 0.96829
0.57495 0.47684 0.42114 0.59898 0.10657
0.36861 0.21581 0.80721 0.79822 0.55454
0.89515 0.92914 0.97763 0.91772 0.04001
0.73282 0.89637 0.83783 0.53645 0.32132
0.39725 0.27744 0.93625 0.46374 0.85229

A_hat_inv_2
15.82791 -9.67274 -24.36628 -17.14088 28.35139
-16.89189 11.20725 23.73123 16.10241 -26.91032
-6.89037 4.18632 11.40846 6.70269 -11.74456
0.23660 -0.90791 -0.20319 1.75570 -0.65834
9.17834 -5.32731 -11.62742 -7.63707 12.65428


tmp_2
-16.27955 10.46956 24.58348 16.58303 -27.21438
-4.26509 3.02947 6.73482 5.42991 -8.14975
4.72293 -2.53963 -6.52840 -4.15164 7.68369
1.00000 0.00000 -0.00000 0.00000 0.00000
3.61767 -1.95857 -4.86441 -3.13284 5.44484
1.59630 -1.19157 -1.83394 -1.24948 2.80035
-0.33516 0.18467 1.76161 1.96190 -2.00945
-0.00000 1.00000 0.00000 -0.00000 0.00000
-0.00000 0.00000 1.00000 -0.00000 -0.00000
11.00072 -6.40586 -15.32281 -10.65370 17.84928
-6.64863 4.55036 9.37536 6.04367 -9.63844
3.24689 -2.20112 -3.85751 -2.08419 4.86811
-0.00000 0.00000 0.00000 1.00000 -0.00000
-9.26874 5.91811 14.69324 10.28270 -16.22367
9.29217 -5.24276 -12.72189 -8.78532 14.90580
-11.29604 7.47818 16.95896 11.62906 -19.18409
12.87207 -7.88561 -17.82687 -11.46802 20.28064
5.36197 -3.08161 -7.67490 -5.62095 9.54444
-0.00000 0.00000 0.00000 -0.00000 1.00000
7.50374 -4.21439 -9.76006 -6.72084 11.65178
-0.73639 0.43418 0.75027 0.88360 -0.52310
1.90554 -1.44652 -1.26127 -0.26640 1.65458
-7.67853 4.80091 10.73985 7.47624 -11.20456
-6.23926 4.26609 9.12914 5.97618 -9.47224
3.08245 -1.77521 -2.41864 -1.76127 3.28071

R_3
0.25850 0.54621 0.40731 0.17698 0.96963
0.61303 0.99085 0.11948 0.14856 0.85228
0.50953 0.21727 0.99327 0.31530 0.25873
0.70204 0.70654 0.48102 0.96031 0.42602
0.96246 0.64701 0.95785 0.80345 0.22939
































-2.54555 0.99354 -0.46550 1.15539 2.11180
-2.03882 0.47629 0.38467 0.35704 1.81430
2.31424 -0.66074 0.38889 -0.80175 -1.10057
-1.92933 0.68480 0.77087 0.97335 0.57150
0.52469 -0.82520 1.30653 -0.37499 -0.25726
1.00000 -0.00000 0.00000 -0.00000 -0.00000
-0.00000 1.00000 0.00000 0.00000 0.00000
-0.97837 0.65201 -0.30801 0.26580 1.04815
1.09727 0.24587 0.67714 0.12215 -1.43524
0.00000 -0.00000 1.00000 -0.00000 -0.00000
0.43566 0.18130 0.38401 -0.41297 0.01176
0.69455 0.90895 -0.21031 0.55041 -0.69181
-1.38192 0.50627 0.35167 0.49106 0.63953
0.00000 -0.00000 0.00000 1.00000 -0.00000
2.23564 0.30881 0.35362 -0.33570 -2.15991
-2.27463 2.30306 -1.21913 1.98954 0.71706
0.99311 -0.42158 1.31443 -1.14102 -0.61787
-1.12853 0.42738 -0.17829 0.45641 0.87983
-0.89188 -0.34655 0.29666 -0.16202 1.76495
1.11339 -1.37057 1.11033 -1.12380 0.44621
-0.00000 -0.00000 -0.00000 0.00000 1.00000
0.23989 0.08770 -0.47838 0.24690 0.41682
1.44631 0.50374 -0.02645 0.41647 -1.32659
-0.56571 0.96839 0.10820 0.66849 -0.72770
-1.31196 1.08817 -0.29685 1.45788 0.50514




